206 43 245 88 20 68 15 195 53 42 71 134 120 174 119 138 202 118 129 27 28 159 53 238 189 142 250 95 211 4 58 105 , 0, 239 243 115 175 
18 40 168 9 15 164 202 110 131 144 57 132 85 132 72 238 178 255 100 88 10 2 61 200 126 77 110 121 149 105 151 58 , 0, 163 190 201 120 
18 40 168 9 15 164 202 110 131 144 57 132 85 132 72 238 178 255 100 88 10 2 61 200 126 77 110 121 149 105 151 58 , 0, 163 190 201 120 
62 237 142 1 108 173 199 170 139 108 137 142 73 250 2 39 122 98 114 252 196 119 160 192 178 110 240 111 106 213 154 103 , 0, 129 222 189 141 
233 231 108 134 158 88 53 254 206 79 197 230 167 210 94 180 182 228 120 17 63 235 160 9 58 100 134 69 237 219 56 41 , 0, 162 160 140 242 
233 231 108 134 158 88 53 254 206 79 197 230 167 210 94 180 182 228 120 17 63 235 160 9 58 100 134 69 237 219 56 41 , 0, 162 160 140 242 
48 203 74 220 89 85 141 115 66 240 76 76 187 125 68 159 56 135 51 67 101 181 235 173 34 22 100 164 144 111 177 169 , 0, 63 88 171 44 
40 230 92 35 50 52 46 83 68 18 143 91 49 45 86 237 129 218 5 5 148 30 100 103 141 11 72 199 49 187 144 228 , 0, 232 91 180 241 
40 230 92 35 50 52 46 83 68 18 143 91 49 45 86 237 129 218 5 5 148 30 100 103 141 11 72 199 49 187 144 228 , 0, 232 91 180 241 
214 247 143 163 179 124 251 251 167 158 178 253 148 252 221 46 219 125 193 158 125 110 88 234 79 105 126 51 114 152 65 232 , 0, 218 188 11 91 
214 247 143 163 179 124 251 251 167 158 178 253 148 252 221 46 219 125 193 158 125 110 88 234 79 105 126 51 114 152 65 232 , 0, 218 188 11 91 
206 43 245 88 20 68 15 195 53 42 71 134 120 174 119 138 202 118 129 27 28 159 53 238 189 142 250 95 211 4 58 105 , 0, 138 40 202 242 
206 43 245 88 20 68 15 195 53 42 71 134 120 174 119 138 202 118 129 27 28 159 53 238 189 142 250 95 211 4 58 105 , 0, 93 163 245 160 
206 43 245 88 20 68 15 195 53 42 71 134 120 174 119 138 202 118 129 27 28 159 53 238 189 142 250 95 211 4 58 105 , 0, 93 163 245 160 
206 43 245 88 20 68 15 195 53 42 71 134 120 174 119 138 202 118 129 27 28 159 53 238 189 142 250 95 211 4 58 105 , 0, 204 4 47 20 
206 43 245 88 20 68 15 195 53 42 71 134 120 174 119 138 202 118 129 27 28 159 53 238 189 142 250 95 211 4 58 105 , 0, 204 4 47 20 
206 43 245 88 20 68 15 195 53 42 71 134 120 174 119 138 202 118 129 27 28 159 53 238 189 142 250 95 211 4 58 105 , 0, 204 4 47 20 
206 43 245 88 20 68 15 195 53 42 71 134 120 174 119 138 202 118 129 27 28 159 53 238 189 142 250 95 211 4 58 105 , 0, 93 163 245 160 
206 43 245 88 20 68 15 195 53 42 71 134 120 174 119 138 202 118 129 27 28 159 53 238 189 142 250 95 211 4 58 105 , 0, 204 4 47 20 
18 40 168 9 15 164 202 110 131 144 57 132 85 132 72 238 178 255 100 88 10 2 61 200 126 77 110 121 149 105 151 58 , 0, 60 115 26 225 
18 40 168 9 15 164 202 110 131 144 57 132 85 132 72 238 178 255 100 88 10 2 61 200 126 77 110 121 149 105 151 58 , 0, 60 115 26 225 
18 40 168 9 15 164 202 110 131 144 57 132 85 132 72 238 178 255 100 88 10 2 61 200 126 77 110 121 149 105 151 58 , 0, 60 115 26 225 
18 40 168 9 15 164 202 110 131 144 57 132 85 132 72 238 178 255 100 88 10 2 61 200 126 77 110 121 149 105 151 58 , 0, 155 107 170 170 
18 40 168 9 15 164 202 110 131 144 57 132 85 132 72 238 178 255 100 88 10 2 61 200 126 77 110 121 149 105 151 58 , 0, 1 210 149 237 
18 40 168 9 15 164 202 110 131 144 57 132 85 132 72 238 178 255 100 88 10 2 61 200 126 77 110 121 149 105 151 58 , 0, 155 107 170 170 
18 40 168 9 15 164 202 110 131 144 57 132 85 132 72 238 178 255 100 88 10 2 61 200 126 77 110 121 149 105 151 58 , 0, 155 107 170 170 
18 40 168 9 15 164 202 110 131 144 57 132 85 132 72 238 178 255 100 88 10 2 61 200 126 77 110 121 149 105 151 58 , 0, 1 210 149 237 
18 40 168 9 15 164 202 110 131 144 57 132 85 132 72 238 178 255 100 88 10 2 61 200 126 77 110 121 149 105 151 58 , 0, 1 210 149 237 
18 40 168 9 15 164 202 110 131 144 57 132 85 132 72 238 178 255 100 88 10 2 61 200 126 77 110 121 149 105 151 58 , 0, 155 107 170 170 
18 40 168 9 15 164 202 110 131 144 57 132 85 132 72 238 178 255 100 88 10 2 61 200 126 77 110 121 149 105 151 58 , 0, 1 210 149 237 
62 237 142 1 108 173 199 170 139 108 137 142 73 250 2 39 122 98 114 252 196 119 160 192 178 110 240 111 106 213 154 103 , 0, 94 71 143 253 
62 237 142 1 108 173 199 170 139 108 137 142 73 250 2 39 122 98 114 252 196 119 160 192 178 110 240 111 106 213 154 103 , 0, 94 71 143 253 
62 237 142 1 108 173 199 170 139 108 137 142 73 250 2 39 122 98 114 252 196 119 160 192 178 110 240 111 106 213 154 103 , 0, 94 71 143 253 
62 237 142 1 108 173 199 170 139 108 137 142 73 250 2 39 122 98 114 252 196 119 160 192 178 110 240 111 106 213 154 103 , 0, 71 138 240 218 
62 237 142 1 108 173 199 170 139 108 137 142 73 250 2 39 122 98 114 252 196 119 160 192 178 110 240 111 106 213 154 103 , 0, 71 138 240 218 
62 237 142 1 108 173 199 170 139 108 137 142 73 250 2 39 122 98 114 252 196 119 160 192 178 110 240 111 106 213 154 103 , 0, 187 78 242 184 
62 237 142 1 108 173 199 170 139 108 137 142 73 250 2 39 122 98 114 252 196 119 160 192 178 110 240 111 106 213 154 103 , 0, 187 78 242 184 
62 237 142 1 108 173 199 170 139 108 137 142 73 250 2 39 122 98 114 252 196 119 160 192 178 110 240 111 106 213 154 103 , 0, 71 138 240 218 
62 237 142 1 108 173 199 170 139 108 137 142 73 250 2 39 122 98 114 252 196 119 160 192 178 110 240 111 106 213 154 103 , 0, 187 78 242 184 
233 231 108 134 158 88 53 254 206 79 197 230 167 210 94 180 182 228 120 17 63 235 160 9 58 100 134 69 237 219 56 41 , 0, 236 27 61 152 
233 231 108 134 158 88 53 254 206 79 197 230 167 210 94 180 182 228 120 17 63 235 160 9 58 100 134 69 237 219 56 41 , 0, 236 27 61 152 
233 231 108 134 158 88 53 254 206 79 197 230 167 210 94 180 182 228 120 17 63 235 160 9 58 100 134 69 237 219 56 41 , 0, 236 27 61 152 
233 231 108 134 158 88 53 254 206 79 197 230 167 210 94 180 182 228 120 17 63 235 160 9 58 100 134 69 237 219 56 41 , 0, 104 212 63 86 
233 231 108 134 158 88 53 254 206 79 197 230 167 210 94 180 182 228 120 17 63 235 160 9 58 100 134 69 237 219 56 41 , 0, 104 212 63 86 
233 231 108 134 158 88 53 254 206 79 197 230 167 210 94 180 182 228 120 17 63 235 160 9 58 100 134 69 237 219 56 41 , 0, 236 27 61 152 
233 231 108 134 158 88 53 254 206 79 197 230 167 210 94 180 182 228 120 17 63 235 160 9 58 100 134 69 237 219 56 41 , 0, 104 212 63 86 
233 231 108 134 158 88 53 254 206 79 197 230 167 210 94 180 182 228 120 17 63 235 160 9 58 100 134 69 237 219 56 41 , 0, 104 212 63 86 
214 247 143 163 179 124 251 251 167 158 178 253 148 252 221 46 219 125 193 158 125 110 88 234 79 105 126 51 114 152 65 232 , 0, 168 144 254 29 
214 247 143 163 179 124 251 251 167 158 178 253 148 252 221 46 219 125 193 158 125 110 88 234 79 105 126 51 114 152 65 232 , 0, 168 144 254 29 
214 247 143 163 179 124 251 251 167 158 178 253 148 252 221 46 219 125 193 158 125 110 88 234 79 105 126 51 114 152 65 232 , 0, 168 144 254 29 
206 43 245 88 20 68 15 195 53 42 71 134 120 174 119 138 202 118 129 27 28 159 53 238 189 142 250 95 211 4 58 105 , 0, 19 190 73 250 
206 43 245 88 20 68 15 195 53 42 71 134 120 174 119 138 202 118 129 27 28 159 53 238 189 142 250 95 211 4 58 105 , 0, 87 135 14 190 
206 43 245 88 20 68 15 195 53 42 71 134 120 174 119 138 202 118 129 27 28 159 53 238 189 142 250 95 211 4 58 105 , 0, 198 25 125 110 
206 43 245 88 20 68 15 195 53 42 71 134 120 174 119 138 202 118 129 27 28 159 53 238 189 142 250 95 211 4 58 105 , 0, 198 25 125 110 
18 40 168 9 15 164 202 110 131 144 57 132 85 132 72 238 178 255 100 88 10 2 61 200 126 77 110 121 149 105 151 58 , 0, 193 59 140 119 
18 40 168 9 15 164 202 110 131 144 57 132 85 132 72 238 178 255 100 88 10 2 61 200 126 77 110 121 149 105 151 58 , 0, 193 59 140 119 
18 40 168 9 15 164 202 110 131 144 57 132 85 132 72 238 178 255 100 88 10 2 61 200 126 77 110 121 149 105 151 58 , 0, 118 38 186 70 
18 40 168 9 15 164 202 110 131 144 57 132 85 132 72 238 178 255 100 88 10 2 61 200 126 77 110 121 149 105 151 58 , 0, 213 206 1 92 

18 40 168 9 15 164 202 110 131 144 57 132 85 132 72 238 178 255 100 88 10 2 61 200 126 77 110 121 149 105 151 58 , 0, 213 206 1 92 
62 237 142 1 108 173 199 170 139 108 137 142 73 250 2 39 122 98 114 252 196 119 160 192 178 110 240 111 106 213 154 103 , 0, 165 12 103 247 
62 237 142 1 108 173 199 170 139 108 137 142 73 250 2 39 122 98 114 252 196 119 160 192 178 110 240 111 106 213 154 103 , 0, 165 12 103 247 
62 237 142 1 108 173 199 170 139 108 137 142 73 250 2 39 122 98 114 252 196 119 160 192 178 110 240 111 106 213 154 103 , 0, 238 129 251 113 
62 237 142 1 108 173 199 170 139 108 137 142 73 250 2 39 122 98 114 252 196 119 160 192 178 110 240 111 106 213 154 103 , 0, 238 129 251 113 
62 237 142 1 108 173 199 170 139 108 137 142 73 250 2 39 122 98 114 252 196 119 160 192 178 110 240 111 106 213 154 103 , 0, 82 129 235 220 
62 237 142 1 108 173 199 170 139 108 137 142 73 250 2 39 122 98 114 252 196 119 160 192 178 110 240 111 106 213 154 103 , 0, 82 129 235 220 
62 237 142 1 108 173 199 170 139 108 137 142 73 250 2 39 122 98 114 252 196 119 160 192 178 110 240 111 106 213 154 103 , 0, 238 129 251 113 
233 231 108 134 158 88 53 254 206 79 197 230 167 210 94 180 182 228 120 17 63 235 160 9 58 100 134 69 237 219 56 41 , 0, 163 246 240 155 
233 231 108 134 158 88 53 254 206 79 197 230 167 210 94 180 182 228 120 17 63 235 160 9 58 100 134 69 237 219 56 41 , 0, 163 246 240 155 
62 237 142 1 108 173 199 170 139 108 137 142 73 250 2 39 122 98 114 252 196 119 160 192 178 110 240 111 106 213 154 103 , 0, 82 129 235 220 
233 231 108 134 158 88 53 254 206 79 197 230 167 210 94 180 182 228 120 17 63 235 160 9 58 100 134 69 237 219 56 41 , 0, 55 63 0 187 
233 231 108 134 158 88 53 254 206 79 197 230 167 210 94 180 182 228 120 17 63 235 160 9 58 100 134 69 237 219 56 41 , 0, 163 246 240 155 
62 237 142 1 108 173 199 170 139 108 137 142 73 250 2 39 122 98 114 252 196 119 160 192 178 110 240 111 106 213 154 103 , 0, 82 129 235 220 
233 231 108 134 158 88 53 254 206 79 197 230 167 210 94 180 182 228 120 17 63 235 160 9 58 100 134 69 237 219 56 41 , 0, 55 63 0 187 
40 230 92 35 50 52 46 83 68 18 143 91 49 45 86 237 129 218 5 5 148 30 100 103 141 11 72 199 49 187 144 228 , 0, 206 63 207 30 
233 231 108 134 158 88 53 254 206 79 197 230 167 210 94 180 182 228 120 17 63 235 160 9 58 100 134 69 237 219 56 41 , 0, 55 63 0 187 
40 230 92 35 50 52 46 83 68 18 143 91 49 45 86 237 129 218 5 5 148 30 100 103 141 11 72 199 49 187 144 228 , 0, 206 63 207 30 
233 231 108 134 158 88 53 254 206 79 197 230 167 210 94 180 182 228 120 17 63 235 160 9 58 100 134 69 237 219 56 41 , 0, 163 246 240 155 
233 231 108 134 158 88 53 254 206 79 197 230 167 210 94 180 182 228 120 17 63 235 160 9 58 100 134 69 237 219 56 41 , 0, 55 63 0 187 
40 230 92 35 50 52 46 83 68 18 143 91 49 45 86 237 129 218 5 5 148 30 100 103 141 11 72 199 49 187 144 228 , 0, 206 63 207 30 
48 203 74 220 89 85 141 115 66 240 76 76 187 125 68 159 56 135 51 67 101 181 235 173 34 22 100 164 144 111 177 169 , 0, 69 69 149 177 
48 203 74 220 89 85 141 115 66 240 76 76 187 125 68 159 56 135 51 67 101 181 235 173 34 22 100 164 144 111 177 169 , 0, 69 69 149 177 
40 230 92 35 50 52 46 83 68 18 143 91 49 45 86 237 129 218 5 5 148 30 100 103 141 11 72 199 49 187 144 228 , 0, 206 63 207 30 
48 203 74 220 89 85 141 115 66 240 76 76 187 125 68 159 56 135 51 67 101 181 235 173 34 22 100 164 144 111 177 169 , 0, 69 69 149 177 
214 247 143 163 179 124 251 251 167 158 178 253 148 252 221 46 219 125 193 158 125 110 88 234 79 105 126 51 114 152 65 232 , 0, 48 230 149 178 
214 247 143 163 179 124 251 251 167 158 178 253 148 252 221 46 219 125 193 158 125 110 88 234 79 105 126 51 114 152 65 232 , 0, 48 230 149 178 
214 247 143 163 179 124 251 251 167 158 178 253 148 252 221 46 219 125 193 158 125 110 88 234 79 105 126 51 114 152 65 232 , 0, 48 230 149 178 
214 247 143 163 179 124 251 251 167 158 178 253 148 252 221 46 219 125 193 158 125 110 88 234 79 105 126 51 114 152 65 232 , 0, 48 230 149 178 
206 43 245 88 20 68 15 195 53 42 71 134 120 174 119 138 202 118 129 27 28 159 53 238 189 142 250 95 211 4 58 105 , 0, 172 189 205 134 
206 43 245 88 20 68 15 195 53 42 71 134 120 174 119 138 202 118 129 27 28 159 53 238 189 142 250 95 211 4 58 105 , 0, 172 189 205 134 
206 43 245 88 20 68 15 195 53 42 71 134 120 174 119 138 202 118 129 27 28 159 53 238 189 142 250 95 211 4 58 105 , 0, 162 50 87 234 
206 43 245 88 20 68 15 195 53 42 71 134 120 174 119 138 202 118 129 27 28 159 53 238 189 142 250 95 211 4 58 105 , 0, 32 177 47 242 
206 43 245 88 20 68 15 195 53 42 71 134 120 174 119 138 202 118 129 27 28 159 53 238 189 142 250 95 211 4 58 105 , 0, 162 50 87 234 
206 43 245 88 20 68 15 195 53 42 71 134 120 174 119 138 202 118 129 27 28 159 53 238 189 142 250 95 211 4 58 105 , 0, 162 50 87 234 
206 43 245 88 20 68 15 195 53 42 71 134 120 174 119 138 202 118 129 27 28 159 53 238 189 142 250 95 211 4 58 105 , 0, 162 50 87 234 
206 43 245 88 20 68 15 195 53 42 71 134 120 174 119 138 202 118 129 27 28 159 53 238 189 142 250 95 211 4 58 105 , 0, 32 177 47 242 
206 43 245 88 20 68 15 195 53 42 71 134 120 174 119 138 202 118 129 27 28 159 53 238 189 142 250 95 211 4 58 105 , 0, 32 177 47 242 
18 40 168 9 15 164 202 110 131 144 57 132 85 132 72 238 178 255 100 88 10 2 61 200 126 77 110 121 149 105 151 58 , 0, 76 56 72 121 
18 40 168 9 15 164 202 110 131 144 57 132 85 132 72 238 178 255 100 88 10 2 61 200 126 77 110 121 149 105 151 58 , 0, 76 56 72 121 
18 40 168 9 15 164 202 110 131 144 57 132 85 132 72 238 178 255 100 88 10 2 61 200 126 77 110 121 149 105 151 58 , 0, 76 56 72 121 
18 40 168 9 15 164 202 110 131 144 57 132 85 132 72 238 178 255 100 88 10 2 61 200 126 77 110 121 149 105 151 58 , 0, 76 56 72 121 
18 40 168 9 15 164 202 110 131 144 57 132 85 132 72 238 178 255 100 88 10 2 61 200 126 77 110 121 149 105 151 58 , 0, 92 139 70 68 
18 40 168 9 15 164 202 110 131 144 57 132 85 132 72 238 178 255 100 88 10 2 61 200 126 77 110 121 149 105 151 58 , 0, 92 139 70 68 
18 40 168 9 15 164 202 110 131 144 57 132 85 132 72 238 178 255 100 88 10 2 61 200 126 77 110 121 149 105 151 58 , 0, 92 139 70 68 
18 40 168 9 15 164 202 110 131 144 57 132 85 132 72 238 178 255 100 88 10 2 61 200 126 77 110 121 149 105 151 58 , 0, 152 2 102 202 
18 40 168 9 15 164 202 110 131 144 57 132 85 132 72 238 178 255 100 88 10 2 61 200 126 77 110 121 149 105 151 58 , 0, 152 2 102 202 
62 237 142 1 108 173 199 170 139 108 137 142 73 250 2 39 122 98 114 252 196 119 160 192 178 110 240 111 106 213 154 103 , 0, 4 75 242 110 
62 237 142 1 108 173 199 170 139 108 137 142 73 250 2 39 122 98 114 252 196 119 160 192 178 110 240 111 106 213 154 103 , 0, 4 75 242 110 
18 40 168 9 15 164 202 110 131 144 57 132 85 132 72 238 178 255 100 88 10 2 61 200 126 77 110 121 149 105 151 58 , 0, 92 139 70 68 
18 40 168 9 15 164 202 110 131 144 57 132 85 132 72 238 178 255 100 88 10 2 61 200 126 77 110 121 149 105 151 58 , 0, 152 2 102 202 
18 40 168 9 15 164 202 110 131 144 57 132 85 132 72 238 178 255 100 88 10 2 61 200 126 77 110 121 149 105 151 58 , 0, 152 2 102 202 
62 237 142 1 108 173 199 170 139 108 137 142 73 250 2 39 122 98 114 252 196 119 160 192 178 110 240 111 106 213 154 103 , 0, 4 75 242 110 
62 237 142 1 108 173 199 170 139 108 137 142 73 250 2 39 122 98 114 252 196 119 160 192 178 110 240 111 106 213 154 103 , 0, 4 75 242 110 
62 237 142 1 108 173 199 170 139 108 137 142 73 250 2 39 122 98 114 252 196 119 160 192 178 110 240 111 106 213 154 103 , 0, 158 131 60 240 
62 237 142 1 108 173 199 170 139 108 137 142 73 250 2 39 122 98 114 252 196 119 160 192 178 110 240 111 106 213 154 103 , 0, 145 235 162 91 
62 237 142 1 108 173 199 170 139 108 137 142 73 250 2 39 122 98 114 252 196 119 160 192 178 110 240 111 106 213 154 103 , 0, 158 131 60 240 
62 237 142 1 108 173 199 170 139 108 137 142 73 250 2 39 122 98 114 252 196 119 160 192 178 110 240 111 106 213 154 103 , 0, 145 235 162 91 
62 237 142 1 108 173 199 170 139 108 137 142 73 250 2 39 122 98 114 252 196 119 160 192 178 110 240 111 106 213 154 103 , 0, 158 131 60 240 
62 237 142 1 108 173 199 170 139 108 137 142 73 250 2 39 122 98 114 252 196 119 160 192 178 110 240 111 106 213 154 103 , 0, 145 235 162 91 
62 237 142 1 108 173 199 170 139 108 137 142 73 250 2 39 122 98 114 252 196 119 160 192 178 110 240 111 106 213 154 103 , 0, 158 131 60 240 
62 237 142 1 108 173 199 170 139 108 137 142 73 250 2 39 122 98 114 252 196 119 160 192 178 110 240 111 106 213 154 103 , 0, 145 235 162 91 
233 231 108 134 158 88 53 254 206 79 197 230 167 210 94 180 182 228 120 17 63 235 160 9 58 100 134 69 237 219 56 41 , 0, 119 193 210 144 
233 231 108 134 158 88 53 254 206 79 197 230 167 210 94 180 182 228 120 17 63 235 160 9 58 100 134 69 237 219 56 41 , 0, 119 193 210 144 
233 231 108 134 158 88 53 254 206 79 197 230 167 210 94 180 182 228 120 17 63 235 160 9 58 100 134 69 237 219 56 41 , 0, 102 16 197 202 
233 231 108 134 158 88 53 254 206 79 197 230 167 210 94 180 182 228 120 17 63 235 160 9 58 100 134 69 237 219 56 41 , 0, 119 193 210 144 
233 231 108 134 158 88 53 254 206 79 197 230 167 210 94 180 182 228 120 17 63 235 160 9 58 100 134 69 237 219 56 41 , 0, 102 16 197 202 
233 231 108 134 158 88 53 254 206 79 197 230 167 210 94 180 182 228 120 17 63 235 160 9 58 100 134 69 237 219 56 41 , 0, 119 193 210 144 
233 231 108 134 158 88 53 254 206 79 197 230 167 210 94 180 182 228 120 17 63 235 160 9 58 100 134 69 237 219 56 41 , 0, 102 16 197 202 
233 231 108 134 158 88 53 254 206 79 197 230 167 210 94 180 182 228 120 17 63 235 160 9 58 100 134 69 237 219 56 41 , 0, 102 16 197 202 
233 231 108 134 158 88 53 254 206 79 197 230 167 210 94 180 182 228 120 17 63 235 160 9 58 100 134 69 237 219 56 41 , 0, 189 194 53 56 
233 231 108 134 158 88 53 254 206 79 197 230 167 210 94 180 182 228 120 17 63 235 160 9 58 100 134 69 237 219 56 41 , 0, 189 194 53 56 
233 231 108 134 158 88 53 254 206 79 197 230 167 210 94 180 182 228 120 17 63 235 160 9 58 100 134 69 237 219 56 41 , 0, 189 194 53 56 
214 247 143 163 179 124 251 251 167 158 178 253 148 252 221 46 219 125 193 158 125 110 88 234 79 105 126 51 114 152 65 232 , 0, 249 206 66 183 
214 247 143 163 179 124 251 251 167 158 178 253 148 252 221 46 219 125 193 158 125 110 88 234 79 105 126 51 114 152 65 232 , 0, 249 206 66 183 
214 247 143 163 179 124 251 251 167 158 178 253 148 252 221 46 219 125 193 158 125 110 88 234 79 105 126 51 114 152 65 232 , 0, 249 206 66 183 
214 247 143 163 179 124 251 251 167 158 178 253 148 252 221 46 219 125 193 158 125 110 88 234 79 105 126 51 114 152 65 232 , 0, 84 144 152 56 
214 247 143 163 179 124 251 251 167 158 178 253 148 252 221 46 219 125 193 158 125 110 88 234 79 105 126 51 114 152 65 232 , 0, 84 144 152 56 
214 247 143 163 179 124 251 251 167 158 178 253 148 252 221 46 219 125 193 158 125 110 88 234 79 105 126 51 114 152 65 232 , 0, 84 144 152 56 
233 231 108 134 158 88 53 254 206 79 197 230 167 210 94 180 182 228 120 17 63 235 160 9 58 100 134 69 237 219 56 41 , 0, 189 194 53 56 
214 247 143 163 179 124 251 251 167 158 178 253 148 252 221 46 219 125 193 158 125 110 88 234 79 105 126 51 114 152 65 232 , 0, 249 206 66 183 
214 247 143 163 179 124 251 251 167 158 178 253 148 252 221 46 219 125 193 158 125 110 88 234 79 105 126 51 114 152 65 232 , 0, 84 144 152 56 
206 43 245 88 20 68 15 195 53 42 71 134 120 174 119 138 202 118 129 27 28 159 53 238 189 142 250 95 211 4 58 105 , 0, 115 41 37 224 
206 43 245 88 20 68 15 195 53 42 71 134 120 174 119 138 202 118 129 27 28 159 53 238 189 142 250 95 211 4 58 105 , 0, 115 41 37 224 
206 43 245 88 20 68 15 195 53 42 71 134 120 174 119 138 202 118 129 27 28 159 53 238 189 142 250 95 211 4 58 105 , 0, 112 146 213 49 
206 43 245 88 20 68 15 195 53 42 71 134 120 174 119 138 202 118 129 27 28 159 53 238 189 142 250 95 211 4 58 105 , 0, 21 244 5 134 
206 43 245 88 20 68 15 195 53 42 71 134 120 174 119 138 202 118 129 27 28 159 53 238 189 142 250 95 211 4 58 105 , 0, 21 244 5 134 
18 40 168 9 15 164 202 110 131 144 57 132 85 132 72 238 178 255 100 88 10 2 61 200 126 77 110 121 149 105 151 58 , 0, 146 51 226 35 
18 40 168 9 15 164 202 110 131 144 57 132 85 132 72 238 178 255 100 88 10 2 61 200 126 77 110 121 149 105 151 58 , 0, 146 51 226 35 
18 40 168 9 15 164 202 110 131 144 57 132 85 132 72 238 178 255 100 88 10 2 61 200 126 77 110 121 149 105 151 58 , 0, 120 169 31 10 
18 40 168 9 15 164 202 110 131 144 57 132 85 132 72 238 178 255 100 88 10 2 61 200 126 77 110 121 149 105 151 58 , 0, 120 169 31 10 
18 40 168 9 15 164 202 110 131 144 57 132 85 132 72 238 178 255 100 88 10 2 61 200 126 77 110 121 149 105 151 58 , 0, 120 169 31 10 
18 40 168 9 15 164 202 110 131 144 57 132 85 132 72 238 178 255 100 88 10 2 61 200 126 77 110 121 149 105 151 58 , 0, 39 187 38 226 
18 40 168 9 15 164 202 110 131 144 57 132 85 132 72 238 178 255 100 88 10 2 61 200 126 77 110 121 149 105 151 58 , 0, 39 187 38 226 
62 237 142 1 108 173 199 170 139 108 137 142 73 250 2 39 122 98 114 252 196 119 160 192 178 110 240 111 106 213 154 103 , 0, 152 93 173 16 
62 237 142 1 108 173 199 170 139 108 137 142 73 250 2 39 122 98 114 252 196 119 160 192 178 110 240 111 106 213 154 103 , 0, 152 93 173 16 
62 237 142 1 108 173 199 170 139 108 137 142 73 250 2 39 122 98 114 252 196 119 160 192 178 110 240 111 106 213 154 103 , 0, 152 93 173 16 
62 237 142 1 108 173 199 170 139 108 137 142 73 250 2 39 122 98 114 252 196 119 160 192 178 110 240 111 106 213 154 103 , 0, 202 82 130 81 
62 237 142 1 108 173 199 170 139 108 137 142 73 250 2 39 122 98 114 252 196 119 160 192 178 110 240 111 106 213 154 103 , 0, 202 82 130 81 
62 237 142 1 108 173 199 170 139 108 137 142 73 250 2 39 122 98 114 252 196 119 160 192 178 110 240 111 106 213 154 103 , 0, 202 82 130 81 
62 237 142 1 108 173 199 170 139 108 137 142 73 250 2 39 122 98 114 252 196 119 160 192 178 110 240 111 106 213 154 103 , 0, 202 82 130 81 
62 237 142 1 108 173 199 170 139 108 137 142 73 250 2 39 122 98 114 252 196 119 160 192 178 110 240 111 106 213 154 103 , 0, 27 176 148 32 
62 237 142 1 108 173 199 170 139 108 137 142 73 250 2 39 122 98 114 252 196 119 160 192 178 110 240 111 106 213 154 103 , 0, 27 176 148 32 
62 237 142 1 108 173 199 170 139 108 137 142 73 250 2 39 122 98 114 252 196 119 160 192 178 110 240 111 106 213 154 103 , 0, 27 176 148 32 
233 231 108 134 158 88 53 254 206 79 197 230 167 210 94 180 182 228 120 17 63 235 160 9 58 100 134 69 237 219 56 41 , 0, 52 56 190 16 
233 231 108 134 158 88 53 254 206 79 197 230 167 210 94 180 182 228 120 17 63 235 160 9 58 100 134 69 237 219 56 41 , 0, 52 56 190 16 
233 231 108 134 158 88 53 254 206 79 197 230 167 210 94 180 182 228 120 17 63 235 160 9 58 100 134 69 237 219 56 41 , 0, 52 56 190 16 
233 231 108 134 158 88 53 254 206 79 197 230 167 210 94 180 182 228 120 17 63 235 160 9 58 100 134 69 237 219 56 41 , 0, 52 56 190 16 
233 231 108 134 158 88 53 254 206 79 197 230 167 210 94 180 182 228 120 17 63 235 160 9 58 100 134 69 237 219 56 41 , 0, 161 201 24 46 
233 231 108 134 158 88 53 254 206 79 197 230 167 210 94 180 182 228 120 17 63 235 160 9 58 100 134 69 237 219 56 41 , 0, 161 201 24 46 
233 231 108 134 158 88 53 254 206 79 197 230 167 210 94 180 182 228 120 17 63 235 160 9 58 100 134 69 237 219 56 41 , 0, 180 36 196 122 
233 231 108 134 158 88 53 254 206 79 197 230 167 210 94 180 182 228 120 17 63 235 160 9 58 100 134 69 237 219 56 41 , 0, 180 36 196 122 
233 231 108 134 158 88 53 254 206 79 197 230 167 210 94 180 182 228 120 17 63 235 160 9 58 100 134 69 237 219 56 41 , 0, 161 201 24 46 
233 231 108 134 158 88 53 254 206 79 197 230 167 210 94 180 182 228 120 17 63 235 160 9 58 100 134 69 237 219 56 41 , 0, 161 201 24 46 
233 231 108 134 158 88 53 254 206 79 197 230 167 210 94 180 182 228 120 17 63 235 160 9 58 100 134 69 237 219 56 41 , 0, 180 36 196 122 
233 231 108 134 158 88 53 254 206 79 197 230 167 210 94 180 182 228 120 17 63 235 160 9 58 100 134 69 237 219 56 41 , 0, 180 36 196 122 
215 65 107 64 121 61 113 236 70 174 19 145 152 134 148 8 125 82 141 204 255 145 36 198 51 30 16 124 102 98 101 69 , 0, 194 17 63 144 
215 65 107 64 121 61 113 236 70 174 19 145 152 134 148 8 125 82 141 204 255 145 36 198 51 30 16 124 102 98 101 69 , 0, 194 17 63 144 
215 65 107 64 121 61 113 236 70 174 19 145 152 134 148 8 125 82 141 204 255 145 36 198 51 30 16 124 102 98 101 69 , 0, 194 17 63 144 
